main.c:75:fopen	0	0.666666666667	1	0	1.	1	0	0	0	0	0	0	1.	1.	1.	0
mime1-bad.c:124:strcpy	0	0.666666666667	0	0	0.	0	1	0	0	1	1	0	1.	0.4	1.	0
mime1-bad.c:141:strcasecmp	0	0.666666666667	1	1	0.	0	1	0	0	0	0	0	1.	0.8	1.	0
mime1-bad.c:150:fgets	1	1.	1	0	1.	0	0	1	0	1	1	0	0.	0.666666666667	0.	0
mime1-bad.c:297:strcasecmp	0	0.666666666667	1	1	0.	0	1	1	0	1	0	0	1.	1.	1.	0
