my-main.c:100:setbuf	1	0.666666666667	0	0	0.	1	0	1	0	0	0	0	1.	0.25	0.	0
my-main.c:89:getopt	0	1.	1	1	0.	0	0	1	1	1	0	0	1.	0.833333333333	0.	0
my-main.c:95:strcmp	0	0.666666666667	1	1	1.	1	1	1	1	1	0	0	1.	1.	1.	0
tTflag-bad.c:133:__ctype_b_loc	1	0.	1	0	0.	0	0	1	0	1	0	0	1.	0.	1.	1
tTflag-bad.c:144:__ctype_b_loc	1	0.	1	0	0.	0	0	1	0	1	0	0	1.	0.	1.	1
tTflag-bad.c:154:__ctype_b_loc	1	0.	1	0	0.	0	0	1	0	1	0	0	1.	0.	1.	1
