mime1-bad.c:150	1	0	0	0	0	0	0	0	0.142857142857	0.305882352941	0.	0.	0.	0	0	0	0	0	0	0	0.2	1	0
mime1-bad.c:212	1	1	0	1	1	0	0	0	1.	1.	1.	1.	1.	1	1	0	1	0	0	0	1.	1	1
mime1-bad.c:295	1	0	0	0	0	0	0	1	0.285714285714	0.129411764706	0.	0.	0.	0	0	0	0	0	0	0	0.4	0	0
