ns-lookup-bad.c:239	1	0	0	1	0	0	0	1	1.	1.	0.	1.	0.	1	0	0	1	0	0	0	1.	0	0
ns-lookup-bad.c:339	0	0	0	0	0	0	0	0	0.5	0.442307692308	1.	1.	1.	1	0	0	1	0	0	0	0.666666666667	0	1
