:-1	1	1	1	1	0	0	0	0	1.	1.	1.	1.	0.	1	1	0	0	0	0	0	1.	1	0
realpath-bad.c:124	0	1	0	0	0	0	0	0	0.142857142857	0.0309278350515	0.	1.	0.	1	0	0	0	0	0	0	0.0833333333333	0	0
realpath-bad.c:284	0	1	1	1	0	0	0	0	0.285714285714	0.0309278350515	0.	0.	0.	1	1	0	0	0	0	0	0.5	1	0
