prescan-overflow-bad.c:325	1	0	0	1	0	0	0	1	0.444444444444	1.	1.	1.	3.	1	0	0	1	0	0	0	0.75	0	0
prescan-overflow-bad.c:329	0	1	0	1	0	0	0	0	1.	0.787644787645	1.	1.	3.	1	0	0	1	0	0	0	1.	0	0
prescan-overflow-bad.c:460	1	0	1	0	0	0	0	1	0.222222222222	0.030888030888	0.166666666667	0.	1.	0	0	0	1	0	0	0	0.5	0	0
prescan-overflow-bad.c:593	0	1	0	0	0	0	0	1	0.111111111111	0.023166023166	0.166666666667	0.	0.	1	0	0	0	0	0	0	0.125	0	0
