my-main.c:89	0	1	0	0	0	0	0	0	0.5	0.402777777778	0.	0.	0.	0	0	0	0	0	0	0	0.2	0	0
tTflag-bad.c:128	1	0	1	0	0	0	0	1	0.5	1.	1.	1.	1.	0	1	0	0	0	0	0	0.6	0	0
tTflag-bad.c:133	1	0	1	0	0	0	0	0	1.	0.138888888889	0.25	0.	1.	0	1	0	0	0	0	0	1.	0	0
tTflag-bad.c:144	1	0	1	0	0	0	0	0	1.	0.125	0.25	0.	1.	0	1	0	0	0	0	0	1.	0	0
tTflag-bad.c:154	1	0	1	0	0	0	0	0	1.	0.125	0.25	0.	1.	0	1	0	0	0	0	0	1.	0	0
tTflag-bad.c:166	0	0	0	0	0	0	0	0	0.5	0.125	0.25	1.	0.	0	0	0	0	0	0	0	0.4	0	0
